80 667381221
14896931
1958643
14580283
20425290
33467962
1725027
19044226
3501253
33038894
19536366
10806353
4388222
9852839
21361524
29198456
5090460
10586666
21334666
28792284
3452127
6631125
31728023
8250412
11685256
32965526
16493001
5864301
18941424
16113018
15438043
24722786
12033186
13081203
18916561
32813136
3479962
32843207
17451516
29273730
32482636
28999793
29584464
65957
17855886
5989713
30378828
13767851
19309805
8578907
22234690
25298994
894573
17621471
27172704
17582649
9087986
23013340
27737790
150565
28231398
23411799
15608353
7171329
11085532
11093185
2442192
29399024
1227916
26594961
23646269
6527691
15599414
11904206
24707406
30407663
1888321
10829962
7773063
33276983
6409437
