70 18285904
264539
619514
385536
643927
445135
540688
867028
78328
538297
546474
359184
235227
719845
785642
39006
379590
954930
1007045
142197
41405
760630
525244
284231
653463
962099
249130
427098
190414
187265
358044
99995
371735
65003
454336
1032393
747307
108922
272065
444075
12172
921044
1044924
739874
100466
294872
88453
715675
1026467
832787
514131
450445
855111
640976
658999
575632
447216
408063
153296
686224
277664
301041
1038351
701926
670922
665262
728942
450644
680195
406158
315791
