90 738164379
4830601
2031659
26940081
19340831
1934470
424780
17328937
31463833
6773794
11510833
28075739
23715999
25693542
27571480
17880148
14851757
387523
33550926
13906213
13467189
17803734
20327564
7450366
9692855
7351701
24569238
28179711
25966758
8731625
5157030
6543781
13123721
8103499
15006344
32168948
11638536
19017046
12187368
21594752
4675282
17270382
24979678
5997202
13882009
31442670
25827688
5047899
1776371
13042485
29041422
1109866
23993016
16183286
15222703
21686224
25214657
19445063
14329908
12880298
29339801
29682136
7478600
20430172
30351749
8156441
33328404
12737552
4189318
31914553
10365302
20253219
5871505
32877770
24209095
285309
10208370
18741751
3917171
21542130
27744046
30087670
2616035
12025032
17554616
22768683
14951986
7611200
29538893
13509132
28864974
