60 540146550
13609564
13669650
17079642
25671021
8958207
27584501
20905036
1431203
9598283
32971856
7763040
22720792
29623006
20459413
20567950
1059624
772141
27445228
19108096
13195010
30742120
2993752
10083852
11588185
16228085
7081548
4717766
4185622
13095858
32675601
10688210
11146027
20238652
29497644
26107038
23868906
5925376
6627109
8604523
22631700
3521461
30912820
179936
7000850
13876918
29132841
17992770
15353126
205062
29980510
29121542
14954152
10028838
23375124
4072195
1539089
30572699
21427551
15090886
588392
