70 634746462
22939687
12915699
12800698
18715353
27957236
26562736
21369187
15287191
1157785
15745682
3188538
14737303
17963408
12876931
25865531
5632673
26167114
26823369
23925154
19979078
4927006
26042468
5786528
4919562
14944478
25984378
23444517
871162
11102139
31689131
24714315
2580257
17317014
459668
28834006
6883161
5913013
15626271
8484628
19289076
18756156
12266234
4596022
21564171
15245173
16504343
29082391
4827810
20870391
3149413
18717153
28385982
6162334
29276989
26698581
17209091
21728653
31478014
22776680
32053660
14984590
15254498
23746888
18366737
32580324
29559057
1206685
3013281
32520004
21049887
