70 20321607230
704187460
937393494
67061584
665160943
877664427
202354390
10685379
30138924
8189692
624360873
719841924
674657206
622009958
570927966
51845428
387233161
906792023
785882668
255525
410077249
860699888
915147270
228351692
867771855
168795567
468348707
985716511
288751477
203387249
544900020
244265552
440313534
839341677
364994759
286034175
378292517
64773915
731057619
107905999
847816694
391633095
709716600
632895185
991613308
412236060
925195803
103335753
323458379
784760307
897697341
689204608
541740699
1011853969
746129666
710475350
729507936
66302605
453897993
768858359
880184050
2518584
348025415
761374025
144093993
436014960
937117690
973947653
679444364
393780488
202406532
