100 27276653
247074
454479
1045542
1011950
274508
487487
78693
72842
988041
668729
624908
642516
396631
356182
237911
770617
909745
101552
644663
135906
513713
103144
647321
10130
113211
600103
984712
32986
1040904
903672
149119
753060
415592
403655
216923
426648
576360
67087
668553
973586
67930
897754
94833
833133
116477
304512
891359
496961
1004181
271031
423619
534162
76107
759223
965031
842199
681453
794777
1041680
766623
896171
941230
611223
849678
914045
207167
115685
787730
110995
873481
1031931
462138
660291
533654
111644
321989
425223
407233
299159
717840
872987
798439
489029
170195
610843
1019160
358247
1009924
276754
295568
795503
458172
658316
305821
54596
321035
936161
48491
308817
908902
