90 23732262288
421977383
24809341
633856538
1005987877
32825629
483527521
625292770
165883121
590114183
775240131
581913963
1038247778
526478262
349211172
814730173
804901673
991832973
222475626
996869436
449658335
502664270
981335101
834524296
372462740
160054588
325574660
823389912
148250743
816565518
520346284
1068338742
932130676
143755373
465607710
861092601
781472095
522825168
772744201
549915942
334204761
414232038
1073108224
315777225
120467394
41951185
356356305
510868098
333452384
623525962
301165708
1024197718
671487540
272602288
340503614
1035250857
80908392
679427492
214105811
214238281
929165176
988235273
165726537
181565634
1047539382
659755966
596377177
5402890
28298129
561814898
230464902
617123368
376761394
812213461
775146459
669397174
548248787
178242741
312722847
414054007
170897984
66797072
560786945
287812279
194360903
625918533
213451748
765768995
674608526
296554326
526503608
