100 28846216661
268966550
37807493
311082659
1066354695
572129794
290152410
66111407
372277829
828758332
564717199
1033314857
991362354
16166337
745774132
500477259
453606719
13023652
325512880
901581038
183192583
742478652
272577768
935482215
452154623
172847810
561199300
926763542
433732243
262145648
960585623
636196098
1007296695
292646121
809001928
118374640
806464413
977247523
522140653
626915822
291641845
350136440
754948375
595138330
83314695
750934024
627983773
1041841758
458962671
526673041
472583456
964365108
1027157393
572763656
213823137
130973496
1064763782
988130374
256831068
978917481
914669910
810121699
358655502
958562456
510645433
719370421
348869836
381890392
222661303
778416273
483778603
1052031783
744133964
537329182
75471392
726472505
886307576
1018059430
893259574
693361663
734371142
337798966
534271666
516337672
448768096
115315398
1063066911
162989199
227249462
999955191
283730535
87084472
963012639
622411148
294394846
201975210
152930132
162599341
267338966
949296416
983513086
