50 9941099513
271654068
405861433
693843056
17555688
247819289
514999583
140464782
929346760
335109989
780181776
600160084
495763279
351084761
571987074
124751040
637687163
74393544
444820216
526862110
312815845
851680977
222047051
83197744
176942673
382884708
218738476
627467533
1012163485
275473196
769855157
151971152
532253669
1055711095
788985557
617616193
422073821
826200544
833903555
71454881
63607811
544147529
124931761
697651368
545566782
1022329856
99074421
954076080
16661760
379084871
463894
