90 876755
17967
3870
22813
16702
10245
2054
10181
30404
27707
26967
12827
30991
2288
25862
8865
31893
2378
7773
7601
15693
27077
28624
28868
29727
24904
19248
26474
23361
9250
11207
22606
11980
17781
10843
4610
32066
27628
26563
25360
12029
19914
13129
2680
11862
11760
30362
24319
16829
30538
22390
2317
25310
27448
22786
21319
8189
6545
14530
9176
9493
28518
19256
4994
17780
13968
16851
18246
952
10094
20783
26359
25888
30572
2202
15922
18102
19348
16274
28425
14521
24014
14981
7434
17718
3475
28078
13182
29865
30000
29833
