90 27467567
697962
680873
624547
744393
659010
112057
608499
315160
871290
796359
1009348
860110
405480
915708
605853
406
977403
785533
581309
647784
710239
495844
484083
948398
980052
246659
986021
618370
971860
238182
571305
803049
863760
660902
162324
1000245
243602
729685
905488
960940
753215
257821
846156
821991
118461
750594
1047356
505444
933788
928739
849105
707365
151594
306526
739402
951334
289908
479586
508446
358493
232031
66007
270500
695714
68237
285373
811040
393734
543752
448822
822472
973554
578652
240664
156903
383066
742444
355674
611381
858859
1024377
670022
306354
168919
593987
784985
472259
1029182
351849
629755
